  1.0000000e+000 55.5056 83.92570 0.0005292 314.0848 45.85760 1.70473917 98.965384830
  2.0000000e+000 55.5081 83.85410 0.0006427 302.0518 195.7807 1.70474192 101.46921429
  3.0000000e+000 54.9414 203.9975 0.0003824 220.2469 139.7424 1.70473587 102.53053897
  4.0000000e+000 54.9425 204.0793 0.0002758 212.6581 147.3321 1.70473600 099.53207925
  5.0000000e+000 50.0433 62.47560 0.1587297 48.20670 324.2579 1.85519107 103.93116218
  6.0000000e+000 50.0999 61.46720 0.1587624 49.32100 323.3802 1.85519675 103.66125423
  7.0000000e+000 55.2935 84.26960 0.0004216 258.7946 101.1425 1.70475330 099.33764120
  8.0000000e+000 55.3033 84.16860 0.0001833 250.2631 109.6963 1.70475491 103.22719294
  9.0000000e+000 57.2944 323.9561 0.0004504 8.263600 351.7937 1.70474389 098.76975121
  1.0000000e+001 57.2925 323.8619 0.0002986 12.24010 347.7837 1.70474429 103.68243194
  1.1000000e+001 54.9518 203.7399 0.0004303 278.9644 164.7758 1.70474257 100.47370921
  1.2000000e+001 54.9522 203.6758 0.0003104 272.4015 11.71160 1.70474225 102.77984428