  1.0000000e+000  2.6400027e+007  4.6922429e-004  5.4086800e+001  2.3576630e+002  1.4365460e+002  2.1688380e+002  7.1265548e+006
  2.0000000e+000  2.6399953e+007  6.4781123e-005  5.3050400e+001  1.7020410e+002  4.5673000e+001  3.1521210e+002  7.2708742e+006
  3.0000000e+000  2.6400011e+007  9.8833494e-004  5.4047100e+001  2.3677130e+002  1.9866100e+001  3.4039770e+002  7.2953141e+006
  4.0000000e+000  2.6400022e+007  5.8279168e-004  5.3980800e+001  1.1099050e+002  6.9605600e+001  2.9135360e+002  7.2928133e+006
  5.0000000e+000  2.6400018e+007  4.2349626e-004  5.3480300e+001  1.7385330e+002  2.6142560e+002  9.7993000e+001  7.3074829e+006
  6.0000000e+000  2.6400014e+007  5.1551175e-004  5.5084300e+001  5.6201600e+001  1.6065760e+002  1.9937760e+002  7.2666484e+006
  7.0000000e+000  2.6400001e+007  3.3395148e-004  5.6299600e+001  5.9146500e+001  1.6620790e+002  1.9405460e+002  7.2710584e+006
  8.0000000e+000  2.6400017e+007  4.3290660e-004  5.5603800e+001  5.4065700e+001  7.9758000e+001  2.8239910e+002  7.2838309e+006
  9.0000000e+000  2.6400014e+007  2.2594987e-004  5.5270100e+001  2.9763750e+002  2.9205400e+001  3.3125600e+002  7.2644031e+006
  1.0000000e+001  2.6399994e+007  5.7980687e-004  5.1086100e+001  2.2547010e+002  3.3090800e+001  3.2735100e+002  7.2840799e+006
  1.1000000e+001  2.6399991e+007  7.6036501e-004  5.5201700e+001  1.1629530e+002  2.9909450e+002  6.0618200e+001  7.2052570e+006
  1.2000000e+001  2.6399993e+007  5.2982312e-004  5.7035700e+001  3.5876140e+002  7.9134800e+001  2.8126050e+002  7.2602180e+006
  1.3000000e+001  2.6399963e+007  6.4052650e-004  5.6680100e+001  3.5777570e+002  2.4052540e+002  1.1910880e+002  7.2865285e+006
  1.4000000e+001  2.6399994e+007  2.0906940e-004  5.4872600e+001  3.5556810e+002  2.7242760e+002  8.7478300e+001  7.2310964e+006
  1.5000000e+001  2.6400003e+007  3.7981837e-004  5.5302500e+001  1.1720180e+002  3.2692290e+002  3.2857000e+001  7.2628380e+006
  1.6000000e+001  2.6400008e+007  7.8332865e-004  5.4982800e+001  1.7681370e+002  1.9956860e+002  1.6033420e+002  7.2864371e+006
  1.7000000e+001  2.6400036e+007  6.8084575e-004  5.4362000e+001  2.9833160e+002  2.1697440e+002  1.4242580e+002  7.2320917e+006
  1.8000000e+001  2.6399991e+007  4.6109513e-004  5.4856800e+001  1.8012360e+002  3.2163050e+002  3.8073700e+001  7.2313583e+006
  1.9000000e+001  2.6400016e+007  5.6782871e-004  5.4331700e+001  2.9525870e+002  7.3567400e+001  2.8684390e+002  7.2490736e+006
  2.0000000e+001  2.6400020e+007  7.9421065e-004  5.3675700e+001  2.3767650e+002  2.0309890e+002  1.5624620e+002  7.3113950e+006
  2.1000000e+001  2.6400024e+007  5.9182593e-005  5.4224700e+001  2.9871150e+002  2.6090300e+002  9.8569700e+001  7.2363523e+006
  2.2000000e+001  2.6399975e+007  6.0286909e-004  5.5658100e+001  3.5635920e+002  1.5931160e+002  2.0092510e+002  7.2559746e+006
  2.3000000e+001  2.6400005e+007  5.0268804e-005  5.4628700e+001  2.3914330e+002  3.1766760e+002  4.1668300e+001  7.2212327e+006
  2.4000000e+001  2.6400006e+007  4.1537486e-004  5.5228000e+001  5.0739700e+001  2.8790760e+002  7.0752700e+001  7.2646957e+006
  2.5000000e+001  2.6399975e+007  3.0499868e-004  5.6915200e+001  3.5869110e+002  5.1826500e+001  3.0987340e+002  7.2734413e+006
  2.6000000e+001  2.6399981e+007  8.7436717e-004  5.5490300e+001  5.2732600e+001  2.6136770e+002  9.6195300e+001  7.2242621e+006
  2.7000000e+001  2.6400027e+007  1.5009499e-005  5.5196900e+001  1.1769310e+002  2.3933240e+002  1.1936500e+002  7.2785523e+006
  2.8000000e+001  2.6399997e+007  7.6795039e-004  5.4989300e+001  1.7731200e+002  2.7819020e+002  8.1409600e+001  7.2158797e+006
  2.9000000e+001  2.6400010e+007  9.7084494e-004  5.4332200e+001  1.1391850e+002  7.8502100e+001  2.8270510e+002  7.2949809e+006
  3.0000000e+001  2.6400002e+007  9.9008259e-004  5.5402100e+001  5.5984500e+001  2.8791620e+002  7.1290500e+001  7.2096002e+006
  3.1000000e+001  2.6399984e+007  7.8886169e-004  5.5582600e+001  3.0101100e+002  2.8463610e+002  7.3840200e+001  7.2410590e+006
